<?xml version="1.0" encoding="UTF-8" standalone="no"?>
<!DOCTYPE svg PUBLIC "-//W3C//DTD SVG 20010904//EN"
              "http://www.w3.org/TR/2001/REC-SVG-20010904/DTD/svg10.dtd">

<svg xmlns="http://www.w3.org/2000/svg"
     width="10.46in" height="6.19001in"
     viewBox="0 0 1046 619">
  <path id="Selection"
        fill="none" stroke="black" stroke-width="1"
        d="M 350.00,2.00
           C 350.00,2.00 350.00,46.00 350.00,46.00
             350.00,46.00 189.00,46.00 189.00,46.00
             189.00,46.00 189.00,2.00 189.00,2.00
             189.00,2.00 350.00,2.00 350.00,2.00 Z
           M 618.00,2.00
           C 618.00,2.00 618.00,45.00 618.00,45.00
             618.00,45.00 457.00,45.00 457.00,45.00
             457.00,45.00 457.00,2.00 457.00,2.00
             457.00,2.00 618.00,2.00 618.00,2.00 Z
           M 789.00,2.00
           C 789.00,2.00 789.00,46.00 789.00,46.00
             789.00,46.00 628.00,46.00 628.00,46.00
             628.00,46.00 628.00,2.00 628.00,2.00
             628.00,2.00 789.00,2.00 789.00,2.00 Z
           M 1044.00,2.00
           C 1044.00,2.00 1044.00,46.00 1044.00,46.00
             1044.00,46.00 883.00,46.00 883.00,46.00
             883.00,46.00 883.00,2.00 883.00,2.00
             883.00,2.00 1044.00,2.00 1044.00,2.00 Z
           M 163.00,87.00
           C 163.00,87.00 163.00,154.00 163.00,154.00
             163.00,154.00 2.00,154.00 2.00,154.00
             2.00,154.00 2.00,87.00 2.00,87.00
             2.00,87.00 163.00,87.00 163.00,87.00 Z
           M 1042.00,89.00
           C 1042.00,89.00 1042.00,156.00 1042.00,156.00
             1042.00,156.00 881.00,156.00 881.00,156.00
             881.00,156.00 881.00,89.00 881.00,89.00
             881.00,89.00 1042.00,89.00 1042.00,89.00 Z
           M 163.00,172.00
           C 163.00,172.00 163.00,239.00 163.00,239.00
             163.00,239.00 2.00,239.00 2.00,239.00
             2.00,239.00 2.00,172.00 2.00,172.00
             2.00,172.00 163.00,172.00 163.00,172.00 Z
           M 350.00,172.00
           C 350.00,172.00 350.00,239.00 350.00,239.00
             350.00,239.00 189.00,239.00 189.00,239.00
             189.00,239.00 189.00,172.00 189.00,172.00
             189.00,172.00 350.00,172.00 350.00,172.00 Z
           M 1043.00,173.00
           C 1043.00,173.00 1043.00,240.00 1043.00,240.00
             1043.00,240.00 882.00,240.00 882.00,240.00
             882.00,240.00 882.00,173.00 882.00,173.00
             882.00,173.00 1043.00,173.00 1043.00,173.00 Z
           M 789.00,174.00
           C 789.00,174.00 789.00,241.00 789.00,241.00
             789.00,241.00 628.00,241.00 628.00,241.00
             628.00,241.00 628.00,174.00 628.00,174.00
             628.00,174.00 789.00,174.00 789.00,174.00 Z
           M 163.00,257.00
           C 163.00,257.00 163.00,324.00 163.00,324.00
             163.00,324.00 2.00,324.00 2.00,324.00
             2.00,324.00 2.00,257.00 2.00,257.00
             2.00,257.00 163.00,257.00 163.00,257.00 Z
           M 1043.00,257.00
           C 1043.00,257.00 1043.00,324.00 1043.00,324.00
             1043.00,324.00 882.00,324.00 882.00,324.00
             882.00,324.00 882.00,257.00 882.00,257.00
             882.00,257.00 1043.00,257.00 1043.00,257.00 Z
           M 350.00,258.00
           C 350.00,258.00 350.00,325.00 350.00,325.00
             350.00,325.00 189.00,325.00 189.00,325.00
             189.00,325.00 189.00,258.00 189.00,258.00
             189.00,258.00 350.00,258.00 350.00,258.00 Z
           M 788.00,258.00
           C 788.00,258.00 788.00,325.00 788.00,325.00
             788.00,325.00 627.00,325.00 627.00,325.00
             627.00,325.00 627.00,258.00 627.00,258.00
             627.00,258.00 788.00,258.00 788.00,258.00 Z
           M 164.00,378.00
           C 164.00,378.00 164.00,445.00 164.00,445.00
             164.00,445.00 4.00,445.00 4.00,445.00
             4.00,445.00 4.00,378.00 4.00,378.00
             4.00,378.00 164.00,378.00 164.00,378.00 Z
           M 350.00,378.00
           C 350.00,378.00 350.00,445.00 350.00,445.00
             350.00,445.00 189.00,445.00 189.00,445.00
             189.00,445.00 189.00,378.00 189.00,378.00
             189.00,378.00 350.00,378.00 350.00,378.00 Z
           M 790.00,380.00
           C 790.00,380.00 790.00,447.00 790.00,447.00
             790.00,447.00 629.00,447.00 629.00,447.00
             629.00,447.00 629.00,380.00 629.00,380.00
             629.00,380.00 790.00,380.00 790.00,380.00 Z
           M 621.00,464.00
           C 621.00,464.00 621.00,531.00 621.00,531.00
             621.00,531.00 460.00,531.00 460.00,531.00
             460.00,531.00 460.00,464.00 460.00,464.00
             460.00,464.00 621.00,464.00 621.00,464.00 Z
           M 790.00,464.00
           C 790.00,464.00 790.00,531.00 790.00,531.00
             790.00,531.00 629.00,531.00 629.00,531.00
             629.00,531.00 629.00,464.00 629.00,464.00
             629.00,464.00 790.00,464.00 790.00,464.00 Z
           M 164.00,465.00
           C 164.00,465.00 164.00,532.00 164.00,532.00
             164.00,532.00 4.00,532.00 4.00,532.00
             4.00,532.00 4.00,465.00 4.00,465.00
             4.00,465.00 164.00,465.00 164.00,465.00 Z
           M 351.00,465.00
           C 351.00,465.00 351.00,532.00 351.00,532.00
             351.00,532.00 190.00,532.00 190.00,532.00
             190.00,532.00 190.00,465.00 190.00,465.00
             190.00,465.00 351.00,465.00 351.00,465.00 Z
           M 164.00,550.00
           C 164.00,550.00 164.00,617.00 164.00,617.00
             164.00,617.00 4.00,617.00 4.00,617.00
             4.00,617.00 4.00,550.00 4.00,550.00
             4.00,550.00 164.00,550.00 164.00,550.00 Z
           M 620.00,550.00
           C 620.00,550.00 620.00,617.00 620.00,617.00
             620.00,617.00 459.00,617.00 459.00,617.00
             459.00,617.00 459.00,550.00 459.00,550.00
             459.00,550.00 620.00,550.00 620.00,550.00 Z" />
</svg>
